   19328
    9745
    9771
    2450
    2450
    1786
    9771
    8729
    9393
    6314
    1258
    1746
    9393
    8281
    8347
    6268
    6252
    1218
    8347
    6314
    6268
    8281
    8729
    8617
    1746
    9401
    9745
    9401
    9771
    8347
      42
     164
     491
      49
    1643
    1643
      66
     402
    3211
    2267
    3242
    6252
    3211
    1258
    2267
    3242
    1178
    1786
    9401
    8962
    8994
    6138
    7291
    8994
    9019
    9923
    6058
    9923
    9058
   10002
    9058
    6090
    6058
    9019
    6178
    9058
    9995
   10002
    9995
    3058
    5876
    7322
    6947
    6947
    6947
    8731
    6315
    8284
     148
      58
    8620
    8731
    8620
    9227
    5666
    5666
    9227
    8867
    9267
    2867
    3755
    9267
    9257
    8731
    9227
    6266
    8628
    9257
    8628
    8426
    8426
    9963
    9963
    4769
    8419
   10035
   10035
    8426
    8419
     148
    3355
    4266
      17
     131
    3355
    2601
     131
    6274
    9963
    8628
   10035
    7218
    7459
    7459
    5954
    7450
    7450
    5322
    6163
    7211
    7218
    7459
    7450
    7379
    7379
    7402
    7402
    8195
    8195
    7379
    6035
    6106
    8188
    8195
    8188
    8995
    7292
    7292
    8963
    8995
    8966
    6096
    8966
    8962
    8968
    8968
    8966
    9000
    6144
    9000
    8995
    9000
    8998
    8994
    7292
    7296
    7296
    7295
    8998
    8968
    8602
    8609
    1625
    1625
    8602
    8675
    1115
    6091
    8490
    8963
    8490
    1603
    8995
    8602
    8385
     682
    8675
    8609
     938
    7891
    7891
    1908
    7315
    7891
    1908
    7315
    8490
    8610
    8601
     937
    1626
    1626
    8610
    8614
     654
     654
    8614
    8606
    1454
    1453
    8606
     653
    8613
    8614
    1454
    8606
    8605
     942
     941
     942
     942
    1630
    1630
    1629
    1630
    1629
    8613
    9748
    9770
    1787
    2449
    2449
    9770
    1652
    9755
    9755
    8585
     953
    2089
    9737
    9770
    1450
    8601
    1635
    1787
    1771
    2131
    2131
    2449
    2131
    9755
    9751
    1655
    1656
    9751
    1656
    1654
    9749
    9751
    9776
    2094
    9776
    2094
    2093
    9776
    9774
    2454
    2454
    1655
    1792
    1790
    1792
    1654
    2454
    1790
    2453
    2453
    9774
    9395
    8732
    6316
    1259
    1747
    9395
    8735
    6320
    6318
    8733
    8735
    9399
    1750
    1752
    9399
    9397
    1752
    9400
    9400
    6320
    6319
    8735
    6318
    6319
     496
    6317
     496
    1262
    1262
     495
    1264
    1264
    1750
    9398
    9400
    9398
   10067
   10052
     275
     474
   10067
    9420
    6377
    9420
    1378
    6385
    6385
   10067
    9225
    6316
    9225
    3961
   10052
    2610
     539
    2610
    3594
    2930
    2930
    3705
    3705
    6385
   10066
   10050
     274
     473
   10066
   10072
     478
   10072
     477
     478
   10072
   10070
   10056
     280
   10056
   10055
     278
     280
   10056
   10054
     278
     272
     272
     270
     477
   10055
   10054
   10070
    9441
    9121
    2770
    2770
    9441
    9306
    1562
    2530
   10066
    9306
    9314
    1586
    2305
    9441
    1522
    2530
    9314
    9154
     234
     274
   10050
    9234
     297
    1307
    9154
     155
     185
     297
     523
     523
    2275
    3667
    3858
    2770
    3667
    3499
    1586
    3858
    8922
    9234
    9443
    1305
    2769
    9443
    9123
    9447
    2310
    9448
    9447
    9448
    9445
    9447
    9441
    1310
    1310
    9126
    9128
    9123
    1310
    9125
    9126
    9125
    2773
    2770
    2774
    2774
    2769
    2774
    9125
    9128
    9446
    9446
    9448
    9523
    8883
    6308
    3178
    3178
    9523
    8883
    9532
    1841
    2306
    9297
    9532
    9443
    9532
    9523
    4233
    9427
    9123
    9291
    9291
    9427
    3331
    2769
    3739
    3178
    3739
    3906
    3795
    3906
    3795
    9297
    9522
    8882
    6305
    3179
    3283
    9522
    9528
    3288
    9526
    9528
    3286
    3288
    9528
    8886
    6309
    6311
    8886
    6311
    8888
    8888
     198
     200
     199
     200
    6309
     197
     200
    3182
    3184
    3184
    3182
    3286
    9526
    8897
    9851
    3881
    1682
    3075
    9851
    8723
    3641
    3641
    9513
    9522
    3075
    2657
    8897
    9146
    6305
    5002
    9146
    8882
    5002
    9851
     329
    1577
    6356
    6356
    3843
    3843
     642
    6356
    1817
    1817
    3938
    3938
    3843
    9513
    8899
    9849
    3882
    3882
    3074
    8899
    9849
    3078
    8903
    8904
    8899
    3080
    8903
    8901
    8897
    9855
    9849
    9855
    9853
    3885
    9856
    9855
    9856
     639
    3885
     639
     640
     639
     640
    1686
    1686
    1683
    1688
    1688
    8902
    8904
    8902
    9854
    9856
    9853
    9340
    4202
    4202
    1978
    9588
    9340
    9220
    3379
    8899
    9377
    9220
    2739
    9220
    9588
    4202
    9371
    9849
    9371
     579
    3298
    1251
    2849
    3163
    3298
     868
    2953
    2953
    3379
    9377
    9585
    9337
    4203
     578
    1979
    9585
    9591
    1984
    9591
    9589
    1984
    1982
    9591
    9341
    4206
    9343
    9343
    4208
    4208
    9341
     422
     424
    4208
     584
     582
     584
     424
     584
    1982
    9589
    9787
    9107
    6291
    6282
    9787
    9196
    3154
    3154
    9435
    9585
    1073
    2802
    9787
    8698
    5305
    9347
    9347
    6291
    5305
    9107
     843
    6282
     708
     418
     843
     553
    2890
    2691
    2691
    1073
    3154
    9347
    9786
    9106
    6290
    6283
    9786
    9106
    9792
     398
    9787
    9792
    9786
    9792
    9790
    9110
    6296
    9110
    9106
    9110
    9112
    9107
    6294
    6288
    6288
    6286
    9112
    9790
    8930
     931
    1490
     931
    8826
    8930
    8633
    1090
    1953
    9778
    9786
    9778
    2707
    8826
    8851
    4923
    8851
    9106
    1545
    8930
    8684
    8851
    2082
    1090
    1019
    1545
    1019
    1490
    3523
    1731
    3523
    2922
    3523
    2003
    8684
    9778
    1202
    8931
    1489
    1202
    8931
    8832
    1208
    1208
    8830
    8832
    1206
    8832
    8831
    8936
     933
     934
    8936
     936
     936
    8934
    8936
    1493
    1493
     935
    1494
    1494
     918
    1494
     936
     920
     920
    1208
    8830
    8934
    8831
    9635
    9115
     673
     673
    9635
    8809
    1883
    8828
    1505
    1883
    1569
    9627
    9635
    9956
    4801
    8939
    9956
    4801
    9956
    2555
    2731
    2731
    3003
    3003
    3011
    3011
    3267
    3267
    3267
    9627
    9634
    9114
     675
     675
    9634
    9640
     664
    9638
    9640
     664
     662
    9640
    9118
     214
    9118
     214
     213
    9120
    9120
     679
     680
     680
     679
     677
     680
     678
     678
    9638
    8345
    8283
    6265
    1219
    6251
    8345
    9241
    1369
    1443
    1443
    9241
    1003
    1003
    9241
    9634
    9260
    6275
    6275
    8625
    9260
    3754
     210
    9260
     547
    1393
    6275
    1393
     675
     753
    2394
     961
    2394
    6251
    2161
    2161
    1369
     961
    2161
    8833
    8287
    6271
    6271
    8285
    8287
    8351
    1222
    8352
    8352
    1224
    1224
    8349
    8351
    6269
    8288
    8288
    6271
    6255
    6256
    6256
     590
     592
    6256
    1224
     592
    8350
    8286
    8352
    8288
    8350
    9018
    9922
    6057
    9922
    9022
    6062
    6062
    9024
    9024
    6061
    9022
    9928
    9928
    9926
    3590
    3589
    3590
    6062
    9926
    9097
    9689
    7273
    9689
    9075
    7244
    7244
    9683
    9683
    6233
    9097
    9939
    9939
    8129
    7259
    7273
    8129
    7924
    7924
    9939
    9098
    9690
    9098
    9101
    6237
    6238
    9101
    6238
    9102
    9102
    9694
    9694
    9694
    9690
    7278
    7277
    7278
    9693
    9042
    7001
    9866
    9042
    7875
    7955
    9098
    8946
    6660
    7747
    9042
    9675
    9690
    9866
    6714
    7274
    5105
    7001
    6027
    6714
    6027
    7747
    7955
    9041
    9865
    7002
    9865
    9046
    6222
    9046
    9045
    6222
    6221
    9046
    9870
    9866
    9869
    7006
    7005
    7006
    9870
    9081
    9729
    6689
    9729
    8978
    6218
    9714
    9714
    5129
    5809
    9081
    9729
    9865
    7002
    6683
    6986
    7602
    7602
    9610
    9714
    9730
    6690
    9082
    9085
    9085
    9086
    9082
    5814
    9085
    9734
    9733
    9734
    9734
    6694
    6690
    6694
    9733
    9086
    9947
    7987
    8987
    9947
    9050
    4026
    9082
    9050
    4026
    9722
    9050
    9978
    9947
    9978
    7555
    6690
    4811
    7987
    7484
    2316
    7555
    9978
    8986
    9946
    7986
    9946
    8990
    6080
    8992
    8992
    6078
    6080
    8990
    9952
    9950
    9952
    7990
    7992
    7992
    7992
    9950
    9065
    9617
    6642
    9617
    8915
    6074
    8986
    5449
    6098
    9065
    9946
    9617
    6484
    6635
    6642
    6635
    6490
    9066
    9618
    6643
    9066
    9069
    9065
    9069
    6102
    9070
    9069
    9622
    9622
    9621
    9622
    6648
    6648
    6646
    6646
    9621
    9035
    8467
    8467
    9035
    8907
    8892
    8907
    9066
    7467
    7467
    8907
    9035
    9603
    9618
    8690
    6643
    7777
    6922
    7777
    6913
    4817
    7467
    9603
    9034
    8466
    6921
    9034
    9038
    6046
    6046
    9040
    9040
    6045
    9038
    8472
    8470
    8472
    6926
    6925
    6925
    6926
    8470
    9090
    8203
    8203
    9898
    9025
    6041
    9889
    9889
    6601
    6601
    9090
   10041
   10041
    6907
    6994
    8203
    7027
    7027
    9889
   10041
    9897
    8202
    9089
    9897
    6160
    9090
    9094
    6160
    9089
    9093
    9901
    9902
    9901
    8206
    8206
    8208
    8208
    9902
    9010
    9578
    7139
    9578
    8876
    7642
    7642
    9089
    6019
    9010
    9563
    9897
    5891
    7131
    7139
    7131
    5891
    7642
    9579
    7138
    9579
    9011
    9016
    6022
    9011
    9016
    9014
    9016
    9582
    9584
    9584
    9582
    7142
    7144
    7142
    9014
    9584
   10001
    7321
    9057
    8969
    7474
    7474
    9569
    9569
    6018
    9011
   10017
   10017
    7321
    7123
    7123
    7306
    7474
   10017
    9061
    6182
    9062
    9062
    6181
    6182
    9061
   10006
   10005
   10006
   10002
    7326
    7325
    7326
   10005
    6320
    8736
    8736
    6270
    6270
    8287
     151
     152
     150
     152
     151
    6318
      62
     152
      62
    6272
    6272
     150
      61
    6272
    8623
    8621
    8623
    8623
    8734
    8734
    8736
    9228
    8868
    4265
    9228
    9231
    3968
    3968
    9232
    9232
    9227
    9228
    9231
    5672
    5670
    8871
    8871
    8872
    8872
    8867
    4270
    4269
    4270
    5672
    8871
    9232
    3426
   10059
     609
    9155
   10059
     276
   10051
    9228
     276
    9236
   10051
    9236
    8483
    8868
   10059
    1553
    1553
    8483
    9236
   10057
    3427
    3427
   10057
    9153
    9158
     238
    9160
    9158
    9160
     240
    9157
    9158
   10063
    3430
   10064
   10063
   10064
    3430
   10063
   10061
   10057
     239
     614
     613
     614
     613
     616
    3432
     615
     615
   10064
   10062
   10062
    9160
    9159
    9428
    8667
    5698
    4226
    9428
    9122
    4235
    9122
    9428
    1306
    9122
    9153
    4066
    8667
   10057
    2649
    2649
    2649
    4226
    4234
    9425
    5699
    4234
    8665
    9431
    4238
    4240
    9428
    9431
    9425
    9431
    9429
    8671
    8672
    8672
    8667
    5704
    8669
    8671
    8665
    4230
    4229
    4230
    5704
    8669
    8670
    9429
    9147
    9843
    5001
    9843
    9147
    6307
    6307
    8818
    9147
    8818
    9425
    9292
    8881
    5969
    8860
    8665
    5969
    8860
    9843
    9834
    9276
    4114
    4225
    9292
    9276
    9834
    9145
    9841
    9841
    9145
    9150
    5005
    9150
    9152
    9152
    5008
    9149
    9150
    9145
    9847
    4136
    9845
    9847
    9845
    9847
    9848
    9843
    5008
    5007
    9846
    9848
    9846
    9152
    9846
    9151
    9483
    3251
    3251
    8699
    9852
    4201
    9338
    4201
    9852
    9372
    9372
    9852
    9145
    8699
    9346
    9338
    4131
    9483
    9841
    9356
    9506
    3763
    3763
    9506
    9356
    9372
    9481
    2497
    5306
    8697
    9481
    5312
    5310
    8699
    8704
    8704
    8697
    8702
    9487
    2504
    2502
    9487
    9488
    9488
    2502
    9487
    9485
    9485
    3254
    3254
    2503
    3255
    5312
    3255
    3256
    3256
    3256
    9486
    9488
    9486
    9486
    8703
    8852
    4922
    9459
     283
    9459
    8852
    9105
    8852
    9105
    6292
    9105
    8697
    8332
    8332
    9481
    8380
    9459
    8380
    8380
    8332
    3249
    3321
    8849
    9457
     282
    4921
    8849
    9457
    4926
    8852
    8855
    4925
    8853
    8855
    8853
    9463
     286
    9463
    9461
    9461
    9459
    9464
    9463
     206
     206
     286
     208
     208
    4925
     208
    9464
    9462
    9462
    9461
    9953
    9913
    1314
    9913
    9953
    8932
    8932
    8937
    4921
    1546
    8849
    8932
     498
    1314
    9473
    9473
    9913
     498
     202
    2363
    2363
    2363
    9473
    9137
    9955
    9916
    1315
    4802
    9955
    9959
    4808
    4808
    9957
    9959
    4806
    9960
    9960
    9919
    1320
    1320
    9919
    1318
    9917
    9919
    1320
     997
     998
    1000
    1000
    4808
     999
    1000
    9958
    9958
    9960
    9258
    9266
    3753
    2866
    9266
    9113
    3753
     211
    9258
    4802
    9955
    1315
    2866
    9916
    2257
     179
    2257
     113
    9261
    3760
    3758
    9261
    9257
    3758
    9262
    9261
    9272
    2872
    2870
    9272
    9267
    9270
    9272
    9270
     766
    3757
    3759
    3759
    2872
     768
     767
    3760
    3759
    9262
    9270
    7220
    5328
    5327
    5328
    5326
    7221
    7223
    7223
    7222
    7224
    7224
    5326
    7224
    7225
    7225
    7225
    5289
    7201
    7220
    5897
    7227
    7231
    7231
    7229
    7232
    7227
    7207
    7205
    7207
    7232
    7230
    7205
    6243
    7227
    6243
    5531
    7204
    5364
    6242
    6242
    6248
    6246
    6248
    5368
    5368
    5367
    5368
    5367
    6246
    5367
    6875
    6875
    4403
    6242
    5387
    6859
    5362
    6859
    6875
    3730
    6873
    6873
    5390
    5389
    5392
    5392
    6879
    6877
    6879
    6880
    5392
    5391
    6880
    6878
    8098
    5906
    5385
    6865
    6873
    8113
    8113
    6865
    8100
    5912
    5911
    5911
    5912
    8101
    8102
    8103
    8103
    5911
    5910
    8104
    8104
    8102
    7345
    7345
    5908
    5842
    5842
    7340
    8100
    8092
    8092
    7355
    7347
    7347
    5751
    5749
    5751
    5752
    7350
    7352
    7350
    7349
    5752
    7349
    7352
    7351
    7521
    7521
    6131
    6193
    7363
    7515
    7521
    7515
    7515
    7524
    6197
    6199
    6197
    7527
    7527
    7527
    7525
    7525
    6769
    6769
    4011
    6196
    6756
    7524
    6769
    6772
    5213
    5213
    5215
    5215
    6775
    6775
    6775
    6773
    6773
    7729
    5921
    5212
    6763
    6763
    7706
    6961
    7729
    6961
    7731
    7731
    5927
    5927
    5927
    5928
    7734
    7736
    7734
    7733
    7736
    7735
    5928
    5926
    6257
    6257
    5923
    7715
    7715
    7731
    6427
    6427
    7715
    6259
    6259
    5863
    5861
    5863
    5864
    6264
    6264
    6261
    6262
    5864
    5862
    6264
    6263
    5994
    7650
    5994
    7650
    6259
    7652
    6000
    6000
    5999
    6000
    7653
    7654
    7655
    7655
    5999
    7656
    7656
    7655
    7656
    6819
    5499
    5996
    4243
    5499
    7652
    7628
    6819
    7628
    6817
    6817
    5504
    5504
    5502
    5501
    6823
    6821
    6823
    6824
    6822
    6824
    5504
    6822
    8219
    8219
    5497
    6810
    6810
    7937
    6817
    8219
    7937
    6810
    8217
    6543
    6543
    6543
    6541
    8223
    8221
    8221
    8224
    8224
    8222
    8222
    5987
    6547
    6547
    5987
    8217
    5372
    5986
    5986
    5992
    5990
    5992
    5376
    5374
    5376
    5375
    5990
    5374
    5375
    6723
    6723
    5986
    5241
    4378
    6699
    6723
    6707
    6707
    5242
    6722
    5246
    5246
    5246
    6726
    6726
    6728
    6728
    7857
    7857
    5585
    5242
    6209
    4651
    7841
    7857
    7841
    7860
    6213
    6215
    6215
    6213
    7863
    7863
    7861
    7861
    6215
    2211
    6931
    6931
    7852
    7860
    7852
    5579
    5579
    5584
    5584
    5584
    2216
    2216
    2216
    5583
    7930
    5883
    3836
    4602
    5883
    6939
    6939
    6939
    7907
    7930
    7907
    5881
    7929
    5886
    5886
    5885
    5888
    7934
    7934
    7933
    7934
    5888
    5887
    7933
    7458
    7458
    7458
    7929
    6166
    6168
    6168
    7464
    7464
    7462
    7462
    7380
    7380
    7384
    7384
    7384
    5757
    5758
    5758
    7383
    2132
    1636
    7385
    5753
    1628
    2132
    1905
    1929
    1636
    1929
    7889
    7889
    7889
    7385
    1628
    7313
    2129
    2133
    2135
    2133
    2135
    1638
    1639
    1639
    1640
    1640
    2135
    3241
    3241
    1772
    2129
    1788
    1788
     770
    3209
    3241
    2452
    2452
    3212
    3244
    3213
    3215
    3215
    3247
    3247
    3245
    3247
    3245
      65
      65
    3212
    2268
    3244
    1641
     404
    2268
      68
      56
      54
      55
      56
      71
      71
      69
      71
      55
      54
    3689
    3089
    3689
    1146
      52
     794
      19
      60
    1146
    3689
    3089
    1514
     147
     147
      19
     147
    3690
    3694
    3693
    3694
    3694
    3094
    3093
    3096
    3096
    3693
    3095
    5956
    7452
    7452
    1532
    5956
    5299
    3690
    3195
    7425
    7425
    2860
    7452
    5302
    5302
    5960
    5960
    5958
    5959
    5960
    5304
    7455
    7455
    7456
    7456
    7453
    7455
    7453
    7456
    7454
    5958
    7454
    7450
    7403
    6112
    6112
    6110
    7406
    7406
    7408
    7408
    7178
    7178
    4986
    6107
    5930
    7393
    7403
    7178
    7898
    7898
    7898
    7180
    5933
    5934
    5935
    5935
    7184
    7182
    7184
    7183
    7184
    5936
    5936
    7182
    7183
    5684
    5684
    5932
    7172
    8140
    8156
    8156
    8140
    8156
    5683
    5687
    5688
    5687
    3615
    3613
    3613
    3615
    6228
    7980
    7233
    7233
    7233
    7972
    7972
    7249
    7980
    7249
    7978
    6232
    6232
    6231
    6232
    6230
    7981
    7983
    7983
    7982
    6230
    7984
    7984
    7984
    5914
    6226
    5178
    5914
    7962
    7962
    6610
    7978
    6610
    7962
    6610
    5916
    5917
    5919
    5919
    5918
    4704
    4702
    4704
    4703
    5920
    5920
    4702
    5920
    6202
    6202
    5916
    6729
    6729
    7155
    7108
    7155
    7155
    7108
    6204
    6149
    6151
    6151
    6150
    6208
    6208
    6207
    6207
    6208
    6152
    6205
    6205
    6207
    7499
    7499
    5315
    6148
    4444
    6788
    7612
    7612
    6788
    7612
    7497
    7497
    5853
    5855
    5856
    7502
    7504
    7504
    7501
    7502
    7503
    7501
    7504
    7503
    5961
    5410
    5961
    7585
    7585
    7585
    2401
    5026
    5962
    5965
    5966
    5961
    2405
    2406
    2406
    5966
    7082
    7059
    5962
    7059
    8228
    8228
    7082
    2283
    7059
    7081
    5838
    5837
    5834
    7085
    7086
    7085
    7086
    7817
    7817
    5657
    5833
    6049
    7081
    7066
    7817
    4857
    7819
    7819
    6056
    6056
    6054
    6053
    7823
    7823
    7821
    7824
    7824
    6056
    7822
    6055
    5826
    5826
    5379
    6051
    5379
    7802
    7819
    7802
    4644
    5827
    5827
    5832
    5832
    5830
    1302
    1304
    1304
    5830
    7771
    7771
    7681
    5827
    7681
    5594
    7739
    7771
    7739
    7739
    7770
    5734
    5734
    5736
    7776
    7776
    7776
    7774
    5736
    5675
    5691
    5691
    5083
    7753
    7770
    5948
    7753
    5948
    5690
    5690
    5694
    5694
    5696
    5680
    5678
    5680
    5696
    5801
    5801
    6883
    6883
    6883
    5865
    5865
    3681
    5204
    5803
    5803
    5806
    5805
    5806
    5808
    5808
    4687
    4685
    4688
    4686
    4688
    5807
    5808
    5807
    7042
    5602
    7019
    5803
    5602
    4411
    5188
    7019
    7043
    7043
    5608
    5606
    5608
    7046
    7048
    7048
    7048
    8065
    8065
    5603
    5539
    6185
    7043
    8059
    8065
    8059
    8067
    8067
    6190
    6189
    6192
    6192
    8071
    8069
    8067
    8072
    6192
    6191
    8072
    8070
    8010
    7099
    8028
    8028
    5706
    7099
    8067
    8051
    8010
    8051
    8028
    8009
    5710
    5710
    5709
    5710
    8013
    8014
    8013
    8014
    5643
    6171
    5724
    5724
    6171
    8003
    8009
    8003
    5331
    6169
    6169
    6175
    6176
    6173
    6175
    6173
    5648
    5648
    5645
    6176
    6174
    5648
    5647
    6174
    8193
    8193
    6033
    7299
    7299
    8179
    8193
    5716
    8179
    4619
    7299
    6040
    6040
    6038
    8199
    8200
    8199
    8199
    8197
    6040
    8198
    8200
    8961
    6092
    9017
    6092
    9017
    8674
    2756
    6092
    8961
    8674
    9074
    7243
    7243
    9682
    9682
    8753
    2195
    2195
    8753
    8436
    3122
    5346
    9074
     459
    1537
    8547
    8753
    2195
    3627
    3122
    7147
    7147
    3956
    3956
    7884
    7884
    8147
    8147
    9667
    9682
    9667
    9667
    9033
    3507
    7466
    7466
    8908
    9033
    6044
    9890
    9033
    9890
    3225
    2697
    9595
    9595
    8780
    4345
    1802
    9026
    8747
    8770
    1714
    3258
    3258
    8770
    3562
    3562
    8747
    1802
    8795
    8795
    1411
    3290
    3507
    1849
    1849
    7691
    7691
    3562
    7691
    3601
    3601
    4107
    4107
    4107
    9873
    9873
    9890
    9587
    9195
    3153
    3153
    9587
    9433
    9219
    3025
    3025
    9587
    8802
    3147
    3307
    9209
    9219
    9209
    8745
    2914
    9188
    9195
    9188
    2700
    3564
    8737
    8745
    3780
    8737
    8802
    3988
    3363
    4257
    4257
    4147
    4147
    3363
    4147
    9500
    9209
    9500
    9500
    9433
    9788
    9193
    1074
    2801
    9788
    8635
    1089
    1954
    2705
    9779
    9788
    8746
    2913
    3036
    9185
    9193
    8771
    1993
    2705
    9452
    9452
    3259
    1716
    3259
    8771
    2507
    2507
    2913
    3370
    1954
    3370
    2106
    9795
    9795
    9795
    9100
    9076
    6235
    9100
    8945
    7954
    7954
    9100
    8435
    3121
    5345
    9076
    8372
    7947
    7947
    8945
    6371
    1538
    6371
    8435
    1099
    6371
    2467
    3314
    6362
    3314
    3121
    7947
    7954
    9315
    9305
    1521
    2529
    9315
    8579
    1521
    9332
    9332
   10076
    6459
    6569
   10076
    9987
    9305
    8369
    2339
    6372
    6372
    8369
    8433
    8755
     443
    8433
    8755
    8545
   10076
    9700
    1595
    9700
    8369
    1226
    8251
    9700
    8579
    6459
    6465
    3387
    3387
    6475
    6465
    6579
    6475
    6579
    6569
    8545
    9332
    9987
    9747
     652
    9754
    9747
    9754
    1748
    1748
    9396
    9403
    9747
    9418
    9396
    9418
    8673
    1113
    8611
    8754
    2193
    2193
    8673
    8754
   10075
    6396
   10075
    8244
    9418
    8754
   10075
    6561
    6561
    6555
    6561
    8244
    9828
    9828
    9828
    8348
    1217
    8348
    9772
    8587
    2091
    9738
    9772
    9738
    1217
    1444
    1444
    8348
    9244
    8706
    1210
    1210
    8587
    8706
    8658
    9812
    9244
    9812
    6410
    8706
    8658
    1289
    2635
    2635
    2459
    6418
    6410
    2459
    2635
    9812
    9084
    9052
    4028
    5811
    9084
    8980
    5130
    5811
    9084
    9172
    3913
    9172
    9388
    4028
    9388
    9324
    3235
    4100
    9388
    7267
    4100
    7267
    9324
    5130
    7267
    3897
    2300
    2178
    3804
    2178
    8985
    9051
    6076
    4025
    9723
    9723
    8916
    6076
    8985
    9387
    4025
    9387
    8761
    7052
    7052
    8916
    8761
    8787
    3236
    2617
    9489
    9489
    3876
    4155
    8787
    2588
    7052
    5044
    5044
    5044
    9705
    9723
    9705
    9636
    9242
    1004
    1004
    9636
    9242
    8812
    1884
    1572
    1508
    9628
    9636
    8713
    1884
    1265
    9907
    9907
    8657
    2041
    9810
    9810
    1265
    2873
    2873
    8713
     780
    1572
    1131
    2236
    2884
    2884
    2873
    9628
    9883
    9907
    8835
    9883
    8578
    8555
    1322
     604
     604
    8578
    9697
    1228
    1596
    9697
    8578
    9171
    2779
    1796
    2779
    9697
    9177
    9321
    3458
    4098
    9363
    9363
    7268
    7268
    4098
    9321
    7580
    7580
    3458
    3394
    1756
    3433
    3433
    1756
    1401
    7595
    7595
    2034
    7595
    1796
    8473
    9363
    9444
    9531
    1844
    1844
    2308
    9300
    9531
    9444
    1524
    1588
    9316
    9444
    8577
    8577
    9331
    9331
    1700
    8297
    8553
    8297
    9531
    1323
     601
    8577
    1844
    1972
    2116
    8259
    9284
    8843
    9331
    9284
    9300
    9012
    6020
    9012
    8971
    4467
    9012
    8875
    1988
    7089
    1689
    7089
    8571
    8875
    8705
    4596
    4177
    8514
    8705
    8971
    8714
    1268
    1268
    2876
    8714
    8659
    6411
    8705
    8659
    8714
    8571
    8508
    2572
    7115
    7089
    7115
    4897
    3868
    7115
    2785
    3633
    3113
    6411
    8508
    8827
    8634
    2706
    2706
    8634
    8827
    8810
    8827
    8810
    1995
    1995
    8769
    9451
    8715
    1267
    1882
    8715
    9908
    9908
    1804
    8777
    8793
    8793
    1986
    1804
     986
    8569
    8777
    8505
    8715
    8505
    2410
    3441
    2675
    2675
    3441
    8505
    9451
    9908
    6156
    9027
    6604
    9027
    9091
    4466
    7641
    9091
    8873
    8779
    4348
    8779
    9027
    1985
    7092
    7092
    1691
    8572
    8873
     985
    1985
    8779
    8572
     714
     411
     875
     449
     835
    2153
    1827
    2153
     788
    7564
    7564
     883
    1827
    7092
    7564
    7076
    8036
    8036
    8043
    8043
    8043
    9524
    8721
    3644
    3644
    9516
    9524
    9529
    3284
    9529
    8554
    1699
    8300
    8554
    9529
    8785
    2619
    2322
    8265
    8785
    8721
    9385
    3233
    2619
    9491
    9491
    9323
    3233
    4099
    9385
    3460
    4099
    9361
    9361
    2289
    2297
    4137
    4137
    4363
    4363
    4363
    8260
    9540
    9540
    9491
    9540
    8900
    9218
    3378
    3378
    9380
    9380
    8724
    2659
    3073
    8900
    8786
    2323
    2618
    8786
    8268
    8724
    8801
    3145
    3308
    8801
    9210
    9218
    8762
    4153
    3947
    3947
    8801
    4153
    3873
    8786
    3513
    3873
    3923
    4331
    4385
    3947
    2986
    3923
    4331
    4385
    8538
    8292
    9210
    9380
    9068
    8913
    5450
    6097
    9068
    8906
    6097
    9068
    8906
    8763
    7049
    7049
    8913
    8763
    8739
    2698
    3227
    9594
    9594
    8803
    3779
    3779
    8803
    4156
    3945
    3945
    8803
    1473
    7049
    2563
    3169
    3945
    7788
    7788
    3066
    4075
    4075
    7788
    4075
    8402
    8890
    9594
    8996
    8603
    1604
    6137
    8996
    8603
    9060
    6179
    9060
    8972
    7473
    7473
    9572
    9572
    8586
    1451
    8603
    8707
    1043
    1212
    1923
    8707
    4179
    4179
    4594
    8707
    8972
    1433
    2099
    2099
    2074
    2251
    1388
    2251
    4179
    5739
    3017
    5739
    5428
    5739
    7473
    8387
    9572
    9555
   10068
    6378
    9419
    1377
    6387
   10068
    9419
    9308
    1563
   10068
    8923
   10074
      98
    6395
    8241
    9419
   10074
    6572
    6572
    9986
   10074
    9986
    6402
    2643
    2643
    6572
    6402
    9409
    9409
    9986
    9043
    8977
    6219
    9713
    9713
    8948
    7748
    7874
    7748
    9043
    8371
    7946
    7946
    8948
    9169
    3914
    9699
    2338
    8371
    9699
    1795
    2780
    9699
    9180
    9180
    7748
    2780
    7946
    1106
    2947
    2947
    9713
    9180
    9747
    9752
    9751
     655
    8616
    8614
    8616
     656
    1655
    9760
    9754
    9758
    9760
    9760
    9752
    1752
    9396
    9399
    1351
    1352
    1351
    1654
    1349
    1351
    1750
    1749
    1749
    9397
    9406
    9408
    9408
    9405
    9750
    9749
    9750
    9408
    9752
    9750
    2096
    9775
    9776
    9775
    1221
    8348
    8351
    8352
    9775
    8590
     958
    8589
    8590
    8589
    8592
    8592
    8587
    2096
    2095
     957
     814
     813
    2095
    9773
    9775
    9773
    9742
    9773
    8591
    9741
    9741
    9742
    9741
    6381
    9424
    9423
    9420
    6381
    9422
    9424
    9422
    9421
    9422
    9423
    9400
    9245
     895
    9241
    9245
     895
    9247
    9245
    9247
    1375
    1375
    1376
    1376
    1224
    1373
    1375
    1447
    1448
    1448
    1374
    1448
     894
    1447
    1444
    8349
    9247
    6095
    8961
    8966
    8965
    6061
    9021
    9021
    9022
    6094
    6093
    6093
    5800
    5800
    5798
    5798
    5799
    6064
    6064
    6063
    8965
    9023
    9023
    9024
    1119
    1120
    8680
    8678
    8680
    8678
    8674
    2757
    2759
    2757
    6095
    8494
    8494
    8968
    8967
    8496
    8680
    8965
    8967
    6142
    9000
    8999
    8996
    1456
    8606
    8608
    8603
    1456
    1455
    1608
    1607
    1604
    6143
    6143
    6144
    8999
    8390
    8389
    8392
    8390
    8392
    8608
    8391
    8392
    6184
    9063
    9061
    9063
    8999
    8997
    8998
    9064
    9064
    9080
    5350
    5352
    9080
    9075
    9078
    9078
    9080
    7248
    7247
    7248
    7244
    9686
    9688
    9686
    9688
    9686
    9688
    8975
    8973
    8975
    8973
    4598
    8975
    8972
    7477
    7478
    7478
    6184
    7477
    7478
    9572
    9575
    9575
    9063
    9575
    9569
    1119
    8677
    8677
    8678
     686
     685
     686
     686
    1118
    1120
    8679
    8679
    8677
    8679
    8680
    8613
     960
    8590
    8586
     959
     960
    8608
    8607
    8607
    8758
     464
    8757
    8758
    8757
     463
    8754
    8758
    2200
    2199
    2200
    2199
    2193
    2197
    2200
    8677
    8757
    8710
    8707
    8712
    8712
    1928
    8710
    8706
    1216
    1214
    1213
    1215
    1046
    1043
    1048
    1048
    1216
    1215
    1213
    8712
    8592
     480
   10068
   10071
   10072
    6382
    9419
    9424
    6390
    6392
    6391
    6392
    1381
    1382
    1381
    6389
    6390
    6382
    6391
    9423
   10071
    9309
    9306
    9310
    9310
    2536
    9311
    9311
    9309
     479
    1568
    1566
    1568
    1563
    1568
   10069
   10071
    8928
    8926
   10069
   10070
    8928
    9312
    9312
    9312
   10080
   10074
   10080
   10078
     104
   10075
   10080
    6399
    6399
    6400
    6395
    6384
    6384
    8245
    8245
   10078
    8247
    8247
    8244
    2311
    9444
    9447
    9535
    1704
    9535
    9532
    1703
    9531
    9536
    9535
    1844
    1845
    1847
    2116
    2119
    1847
    2312
    2311
    2312
    2120
    2312
    2115
    9300
    9536
    9303
    9301
    9448
    9297
    9320
    1526
    9318
    9320
    9318
    1527
    9319
    9320
    9319
    1591
    1590
    1592
    1592
    1528
    1528
    1589
    1591
    2311
    9445
    9319
    9318
    9317
    9320
    9315
    2533
    9305
    9309
    1286
    1288
    1288
    1526
    1286
    1288
    2533
    9310
    9318
     384
    8582
    8581
    8577
     384
    8584
    8582
    8584
    8584
    8583
    8583
    9336
    9336
    9335
    9336
    9319
     101
   10080
   10079
   10079
    6464
    6464
    6462
    6464
    6573
    6575
    6575
    6573
    6575
    6573
   10078
   10077
   10077
   10079
   10077
    9992
    9987
    9992
    3287
    9524
    9528
    9527
    8727
    2149
    8727
    8728
    8723
    2152
    8721
    8725
    8727
    3647
    3645
    2150
    3641
    3645
    3647
    8726
    9519
    9516
    9519
    9517
    9525
    9527
    9525
    9525
    9526
    9529
    9535
    9533
    3287
    3286
    9527
    9533
    1328
    8558
    8557
    8557
    1327
    8558
    8554
    8263
    8264
    8301
    8301
    8303
    8300
    8557
    8297
    9534
    9536
    9534
    9534
    3078
    8903
    8900
    9224
    2744
    9224
    9223
    9220
    2741
    9222
    9224
    9222
    3384
    3382
    3384
    3382
    3384
    2743
    9380
    9383
    9381
    9383
    9383
    9381
    9377
    9221
    8727
    8724
    2663
    2662
    2664
    3079
    3080
    3077
    3079
    2663
    2664
    8728
    8901
    2624
    2624
    8789
    8790
    8789
    8790
    8786
    2326
    2328
    2624
    2323
    8240
    8240
    8269
    8789
    8240
    8239
    8269
    8271
    8725
    8271
    1983
    9592
    9591
    9592
    9199
    9196
    9199
    2808
    9200
    9199
    9200
    3158
    3158
    3157
    3157
    9440
    9439
    9439
    9440
    9438
    9590
    9592
    9590
    9439
    9589
    9590
    9219
    9224
    3030
    3031
    3032
    3029
    1983
    3030
    3027
    3032
    3031
    9223
    9592
    3311
    3312
    8802
    8806
    8805
    8805
    8806
    3152
    3151
    3152
    3151
    3149
    3147
    3312
    8538
    8542
    8541
    9214
    9213
    9214
    9222
    9214
    9213
    9209
     397
    9791
    9792
    9791
    2806
    9197
    9199
    9197
     399
    1074
    1078
    1077
    1077
    2805
    9197
    9791
    2712
    2710
    8637
    8637
    8638
    2709
    8640
    8638
    8640
    1089
    1093
    1094
    1093
    1958
    1957
    1958
    1958
    2712
    2711
    9784
    8639
    9782
    9784
    9782
    9784
    9790
    9789
    9789
    9791
    8750
    8750
    8746
    3037
    8749
    8749
    8750
    2807
    2917
    2917
    2914
    2918
    3037
    9191
    9188
    9200
    9198
    9197
    9191
    9198
    9189
    1205
    8827
    8832
    8634
    8638
    1207
    2008
    2006
    2006
    2003
    2008
    8637
    8830
    8813
    8809
    8813
    1886
    8814
    8813
    8814
    8814
    8831
    8774
    1719
    8774
    8776
    8771
    8773
    8773
    8774
    2000
    1998
    2000
    1999
    1998
    2000
    1999
    9456
    9451
    9456
    9455
    9455
    9456
    9455
    8775
     664
    9636
    9640
    9639
    9246
    9245
    9246
    1008
    1008
    1007
    1007
    8837
    8838
    9246
    8840
    8840
    8839
    8837
    8840
    9637
    9639
    9637
    1887
    8812
    8815
    8815
     661
    1572
    1887
    1575
    1573
    1575
    1573
    1505
    1509
    1569
    9631
    9631
    9632
    9639
    9632
    9627
    1271
    1269
    8717
    8718
    8717
    1272
    8720
    8720
    8718
     783
     783
     782
     784
    1885
    1887
    1885
    1270
    1270
    1270
    1886
    9912
    9911
    9912
    9907
    8816
    9908
    9912
    8719
    8816
    8814
    2045
    8662
    8661
    8657
    2046
    8658
    8662
    9247
    9248
    9815
    9813
    9813
    9815
    9815
    9816
    9814
    9814
    9816
    6240
    9100
    9103
    9103
    5349
    9079
    9079
    9080
    6239
    6239
    6240
    6239
    9103
    9079
    8949
    8949
    8950
    8946
    7879
    8949
    8945
    7954
    7958
    7960
    7960
    9104
    9103
    9104
    9104
    1542
    8435
    8440
    8439
    1542
    8436
    8439
    3125
    3126
    3126
    3126
    8440
    9077
    9079
    9078
    6222
    9043
    9048
    9048
    3920
    3920
    8978
    8982
    8981
    8977
    8981
    9047
    9718
    9717
    9713
    9718
    9717
    9714
    9718
    7880
    8951
    8951
    8949
    7751
    6224
    7752
    7751
    6662
    7878
    6664
    6664
    6663
    6664
    7751
    7747
    7752
    8951
    9048
    8952
    8950
    2342
    2341
    8375
    8372
    8371
    8376
    8375
    7950
    7950
    7950
    7952
    7952
    7952
    8376
    8951
    5816
    9085
    9087
    9084
    4030
    4030
    9054
    9056
    9054
    4031
    9055
    9056
    9055
    4032
    4032
    4031
    4032
    3901
    3902
    9087
    9088
    9088
    9055
    9053
    9054
    3917
    8983
    8983
    8980
    5130
    5134
    3919
    5815
    5816
    5133
    5815
    5813
    8982
    9087
    8984
    8984
    9175
     262
    9173
    9173
    9175
     262
    9172
    9175
    3917
     263
    8983
    9173
    6080
    8989
    8990
    8989
    9056
    9051
    1087
    1084
    4030
    1087
    8989
    9726
    9728
    9728
    9723
    9722
    9728
    9054
    8919
    8919
    8920
    8915
     808
    8916
    8919
    6079
    6078
    8920
    8989
    9391
    9391
    9392
    9392
    3240
    9391
    9388
    9055
    9392
    6102
    9071
    9071
    9069
     805
    8917
    8917
    8919
    5454
    5454
    5453
    5453
    8918
    9071
    8918
    8920
    3231
    8912
    8907
    3232
    8910
    8912
    8910
    6103
    6103
    8894
    8894
    8896
    9072
    9071
    8910
    8895
    8896
    8895
    9070
    9072
    4159
    8768
    8768
    8763
    4159
    8765
    8766
    8761
    7055
    7053
    7055
     806
     806
    7052
    8767
    8768
    8765
    8366
    8368
    8367
    8368
    8917
    8368
    8767
    8367
    6045
    9037
    9038
    9037
    3229
    8912
    8911
    8908
    6048
    6048
    7470
    7466
    7472
    7470
    7470
    7467
    7472
    6048
    9040
    9039
    9039
    9039
    9030
    4351
    9029
    9030
    9025
    4351
    9026
    9030
    4352
    4350
    9893
    9889
    9894
    9890
    9894
    9894
    2701
    8738
    8742
    2701
    8744
    8742
    8744
    1157
    3230
    3229
    2702
    1159
    3232
    9594
    9600
    9598
    9600
    9598
    8911
    9600
    9595
    6159
    9096
    9096
    9094
    9032
    9032
    9030
    6607
    6605
    6607
    6601
    9032
    9096
    9031
    9029
    8879
    4471
    8879
    8876
    4470
    8873
    8877
    8879
    4471
    7646
    7646
    7645
    7646
    7642
    6157
    7645
    8877
    9096
    9095
    9095
    8783
    1806
    8780
    8783
    8784
    8784
    8783
    1806
    4349
     888
     887
    8784
    9032
    6024
    9012
    9016
    9015
    4599
    8976
    8975
    8976
    6021
    6021
    8974
    8976
    9015
    8974
    8880
    8880
    8879
    8880
    9013
    9015
    9013
    8575
    8572
    8575
    1991
    8576
    8575
    8576
    1991
     839
    7095
    7095
    7093
    7095
    1694
    1696
    1696
    7089
    7093
    1694
    1695
    4470
    1695
    8576
    8878
    8880
    8877
    1927
    8709
    8710
    8709
    4184
    4184
    4183
    3117
    3119
    4599
    4597
    4183
    4184
    4182
    3117
    4181
    4598
    8520
    8711
    8711
    8712
    8518
    8709
    8711
    8976
    1542
    8433
    8439
    8437
    2344
    8369
    8375
    8373
    1544
    1104
    1099
    1104
    6375
    6376
    6376
    6375
    2343
    6376
    8373
    8438
    8440
    8438
     464
    8760
    8760
    8755
     462
     448
     446
     448
    1543
    1544
    8760
    8759
    8757
    8550
    8549
    8551
    8551
    8759
    8552
    8551
    8552
     461
     461
     462
     463
   10079
    8760
    3040
    8752
    8750
    8752
    1718
    8774
    8770
    1720
    1720
    1366
    1362
    1365
    3264
    3264
    3262
    3264
    3262
    8776
    8752
    2703
    8741
    8742
    8741
    3568
    3568
    3567
    3566
    3562
    3568
    3565
    3567
    3564
    8741
    8751
    8752
    8751
    3309
    8803
    8808
    8808
    2704
    2704
    3784
    3784
    3783
    3784
    3310
    3783
    8808
    8744
    8743
    8741
    1807
    8781
    8783
    8781
    1808
    1808
    8797
    8798
    8798
    8799
    8799
    8800
    8800
    8800
    8795
    1990
    8573
    8573
    8575
     880
     880
     879
     985
     989
     989
     990
    1990
     989
    1807
     990
    8573
    8782
    8784
    8782
    4159
    8762
    8766
    3951
    3952
    3950
    4157
     566
     566
     565
     568
    3951
     567
    3952
    3947
    3945
    3950
    8768
    8807
    8808
    8807
    9703
    9703
    9700
    1598
    9704
    9703
    9704
    9704
    8374
    8376
    8374
     383
    8582
    8578
    1328
    8560
    8558
    8560
     374
     376
     376
     375
    1326
     376
     607
     605
     607
     601
     605
    8559
    8560
    8581
    8559
    1599
    9701
    9703
    9701
    1231
    1232
    1231
    1229
     381
    1232
    1226
    1228
    1599
    9701
    8254
    8253
    8254
    8256
    8584
    8255
    8256
    8255
    9171
    9176
    9176
    2780
    2783
    2784
    2784
    1597
    1800
    1800
    1795
    1796
    2784
    9702
    9702
    9181
    9702
    9704
    9183
    9183
    9174
    9176
    9173
    2047
    8664
    8662
    8664
    8714
    8718
    1269
    1136
    1136
    2877
    2873
    2879
    2877
    2879
    8663
    8664
    8717
    8663
    6410
    6416
    6414
    6416
    2048
    1925
    6414
    6416
    8664
    8709
    3237
    9391
    9389
    9385
    2622
    8792
    8790
    8792
    1248
    1248
    1246
    1245
    1247
    2623
    2623
    2624
    2621
    8791
    9496
    9495
    9491
    9496
    9493
    9495
    9494
    9496
    9489
    9392
    9494
    9390
    4104
    9327
    9328
    9328
    4104
    9327
    9324
    3240
    3238
    3238
    2301
    2303
    4103
    9389
    9328
    4104
    9325
    9327
    9325
    3464
    3463
    3464
    3463
    3462
    3464
    1325
    3461
    4102
    9367
    9365
    9367
    9368
    9368
    9366
    9368
    9365
    9366
    9326
    9328
    7272
    7272
    7271
    7268
    1407
    1407
    7272
    4101
    4102
    4101
    9325
    9176
    4158
    3877
    4160
    4158
    3879
    3879
    8765
    8792
    8720
    8508
    1992
    8574
    8511
    8576
    8574
    8511
    8574
    3965
    9225
    9232
    3968
    9231
    9229
    9230
    9230
    9230
    3967
    9229
    8625
    6280
    8631
    8631
    9263
    6278
    8631
    6275
    8629
    8629
    9263
    9261
    9263
   10056
   10055
    9229
    3965
     279
    3757
     214
     216
    9264
     118
    9263
     114
    9264
    9264
    9118
    9117
    9117
      30
   10054
    9240
     237
    9154
      26
    9237
    9238
    9238
    9237
    9240
    9240
    9239
    9239
    9158
    9160
    4238
    9126
    9128
    4240
    4239
    9427
    9122
    9432
    4237
    9432
    9432
     302
    1312
    9157
     302
    9125
    6310
    8885
    6312
    6310
    8885
    6312
    1583
    8885
    8886
    1581
    8822
    9152
    8821
    8881
    8818
    9150
    8821
    9146
    9295
    9432
    9295
    9292
    9430
    9430
    9296
    6312
    9430
    9429
    8888
    4205
    9343
    3888
    9376
    3166
    3166
    9342
    9342
    9376
    4205
    4201
    9375
    9344
    3888
    9344
    9852
    9855
    9372
    9375
    9338
    9853
    9375
    5008
    9856
    3887
    5312
    9350
    5309
    4207
    9352
    9347
    5311
    5309
    8702
    5311
    9350
    9352
    9352
    8704
    6293
    6295
    9105
    9109
    6292
    9110
    4928
    9109
    8856
    8855
    8856
    6294
    9111
     310
    9111
    8701
    5309
    9112
    9111
    8939
    8941
    8944
    8944
    8944
    8943
    8942
    8936
     934
    4805
    9956
    9957
    4808
    8932
    8935
    8942
    9959
    8941
    8854
    8933
    8933
    8934
    8933
    1549
    1550
    8935
    8856
    4927
    4928
    8685
    8685
    8687
    8687
    8681
    9119
    9117
    9120
    9119
    9119
    9960
    8530
    9658
    8594
    8450
   10011
   10026
   10026
    8530
    9802
    9802
    8562
    8530
    9970
    9642
    9202
    9162
    9802
    8314
    9970
   10011
    8594
    8562
    9202
    9658
    9994
    9937
   10028
   10028
    9924
    9691
    9691
    9676
    9937
   10028
    8460
    8452
    9619
    9619
    9619
    9604
    9604
    8955
    8955
    8955
    9604
   10044
   10044
    9562
    9562
    9900
    9900
    8524
    8564
    8689
    9164
    8954
    9660
    9660
    9948
    9674
    9977
    9977
    9611
    9971
    9977
    8532
    9731
    9868
    9868
    9868
    9674
   10025
   10025
    9561
    9996
    9996
   10018
   10025
   10018
   10003
    9804
   10003
    9998
   10000
    9998
   10000
    9994
    9927
    9928
    9943
    9943
    9944
    9944
    9937
    9941
    9941
    9696
    9942
    9942
    9944
    9925
   10018
   10021
   10022
   10022
   10021
   10008
   10005
   10007
   10006
    9581
   10008
   10017
    9999
   10008
   10031
   10029
   10031
   10029
    9998
   10031
    9999
    9696
    9680
    9680
    9680
    9871
    9871
    9872
    9871
    9872
    9678
    9733
    9871
    9614
    9616
    9736
    9616
    9735
    9736
    9735
    9679
    8464
    8463
    9677
    9678
    9981
    9982
    9981
    9982
    9981
    9952
    9951
    8960
    9951
    8956
    8959
    9949
    9950
    9949
    8958
    8960
    9624
    9624
    9624
    9623
    9607
    9603
    8696
    8693
    9608
    9624
    9608
    9608
    8695
    8696
    8696
    8536
    8536
    8958
    8535
    8694
    8472
    8693
    9903
    9903
    9904
   10047
   10044
    8470
    9901
   10047
   10047
   10045
    9904
    8525
    8527
    8527
    8525
    9566
    9903
    9568
    9568
    9568
    9565
    9568
    9566
    9581
    9167
    9168
    9168
    9565
    9645
    9648
    9645
    9642
    9645
   10032
   10032
    9646
    9646
   10032
   10030
   10031
    9648
    9648
    9662
    9662
    9662
    9663
    9970
    9976
    9974
    9976
    9971
    9663
    9663
    9664
    9976
    8535
    9974
    9661
    9808
    9807
   10030
    9805
    9807
    9804
    9166
    9808
    9807
    9806
    8526
    8456
    8453
    8522
    8456
    8456
    8455
    8453
    8534
    8567
    8568
    9167
    8568
    9166
    9165
    8568
    8566
    8566
    8566
    8565
    8565
    8418
    9931
    9820
    8418
    8427
    8377
    8337
    9931
    8650
     513
    8331
    4770
    9820
    8650
    8650
    5233
    6332
    5233
    5233
    8395
    6332
    8395
    8331
    8395
    5506
    9931
    8276
    8276
    9835
    9835
    8651
    6121
    9835
    8651
    9249
    8859
    9249
    8308
    9249
    8308
    9764
    9353
    8308
    9860
    9484
    9484
    9764
    9273
    4113
    9860
    8324
    9764
    4129
    8324
    2841
    8339
    9860
    9353
    8859
    9508
    6121
    9844
    9844
    9508
    9508
    9131
    8866
    8482
    8482
    9964
    9547
    8668
    9547
    8857
    8866
    8857
    9964
    9964
    8644
    8644
    8649
    6123
    6123
    3425
    8644
   10060
    8307
    8425
    8649
    9929
    8649
   10060
   10060
    9929
    5505
    9652
    8417
    6331
    6331
    9460
    9140
    9915
    8379
    9460
     284
    9475
    1313
     284
     108
     499
    9915
    9475
    2865
    8417
   10036
   10036
   10036
    9652
    9652
    9140
    9915
    9268
    8355
    9819
    8379
   10060
    8486
    8869
    5669
    5671
    8870
   10063
    8869
    8870
    8870
    8482
    8486
   10064
    3429
    8488
    8872
    8871
    9968
    8430
    5511
    9968
    5510
    9967
    9964
    9967
    8430
    9967
    9963
    9968
    8425
    8429
    8430
    5511
    8424
    4774
   10040
    8423
    8424
    8424
    4776
    4775
    9268
    4774
   10040
    4775
   10039
   10036
    9271
   10039
   10040
   10035
    8417
    8421
    8422
    8422
    9271
    9271
    4773
     182
    2869
    9269
    1318
    1317
     181
     181
    9271
    9270
     183
    1319
    9920
    9269
    1320
    9920
    9915
    9920
    5238
    9929
    5237
    5237
    8432
    6128
    6126
    8649
    8432
    9934
    9935
    9935
    8432
    9933
    9934
    8653
    8654
    9931
    9936
    9935
    9936
    5509
    8429
    8431
    6126
    8418
    8422
    8424
    8432
    8382
    6336
    8381
    8383
    8384
    8383
    8379
    8421
    8377
    9820
    9823
    6335
    9824
    1670
    9824
    6332
    8384
    8384
    9824
    9823
    4065
    4069
    4070
    8672
    8671
    8668
   10061
    4070
    4070
    5701
    5702
    5704
    5703
    8863
    8863
    5976
    8861
    8863
    8669
    5974
    5976
    5975
    8857
    5973
    8860
    9506
    9512
    9512
    4135
    2842
    9511
    9511
    9845
    9510
    9511
    9512
    9509
    4134
    9357
    9353
    4135
    9359
    9488
    9357
    4133
    2846
    9359
    9359
    9847
    9276
    4118
    9279
    9277
    9277
    4118
    9848
    5970
    8863
    8864
    8864
    9840
    9838
    9840
    9835
    9838
    9838
    8655
    8655
    8654
    8312
    8311
    8312
    8864
    8861
    8862
    8862
    6127
    6126
    8656
    8656
    8312
    8656
    8333
    9485
    8333
    8335
    8335
    2829
    2829
    2830
    2830
    9141
    9143
    9141
     288
     285
    9143
     287
    9137
    9143
    9463
     502
    9473
    9460
    1317
    9461
    9479
    9479
    9480
    9480
    9477
    9478
    9918
    9920
    9918
    8383
    1667
    9464
    8380
    1672
    1672
    1671
    8342
    8656
    8343
    2831
    2832
    8341
    8342
    8342
    2832
    3535
    8341
    8334
    8334
    8344
    3536
    8333
    8344
    8336
    8336
    3533
    3534
    8343
    8344
    3535
    8381
    8336
     564
    3515
    3921
    3921
    3948
    3948
    3171
    4388
    5275
    5275
    4372
    4372
    4372
    5835
    5658
    5835
    5835
    3377
    3076
    3377
    2987
    2987
    4330
    3940
    2955
    2955
    2660
    3940
    3922
    3922
    4329
    4387
    4387
    4387
    3380
    3148
    3380
    3364
    3364
    3028
    3300
    4329
    3300
    2852
    1818
    1818
     867
     641
    4042
     641
     634
     867
    4042
    2954
    2954
    2851
    2577
    5380
    3946
    4386
    5380
    3777
    3306
    4076
    4076
    4076
    6050
    5659
    3146
    3986
    3986
    5659
    3946
    3170
    3299
    3026
    2690
    3026
     577
    3987
    3987
    4258
    4258
    3155
    3155
    3299
    4258
    3362
    3785
    3297
    1738
    3785
    3297
    4674
    2850
    2850
     866
     417
    4674
     866
    1250
    1250
     580
     580
     556
    7684
    7692
    7692
    5828
    3563
    4074
    5828
    3778
    6625
    6625
    5377
    3778
    7764
    7764
    5596
    7764
    5596
    3067
    2380
    3067
    3067
    4259
    4145
    4641
    4641
    3156
    2892
    3372
    4148
    2804
    4148
    3156
    4260
    2916
    2916
    1076
    4260
    2916
    2689
    2689
    4873
     707
     707
     555
    2889
     386
    3787
    4873
    3787
    4873
    3561
    4146
    2915
    3371
    4146
    3034
    4108
    5595
    5729
    5729
    4108
    5729
    5084
    3561
    5084
    3257
    5595
    2924
    2505
    3604
    2505
    1956
    3604
    3369
    3369
    1092
    1364
    3260
    3260
    2108
    1956
    2081
    1091
    1075
     665
     706
    2081
    2442
    2442
    2506
    2065
    2891
    2891
    6284
    6284
    2506
    2065
     706
     362
     362
    5634
    2667
    5634
    2625
    2473
    5265
    5265
    2667
    4713
    5051
    5051
    5051
    4481
    4481
    4481
    4715
    4715
    4561
    5633
    5939
    5939
    5939
    5619
    5633
    5633
    6244
    4404
    5938
    5938
    5529
    5267
    5267
    7339
    7339
    5403
    5403
    5474
    5474
    4275
    5395
    5548
    5843
    5548
    7339
    5548
    5843
    5843
    5748
    4491
    5394
    5394
    6129
    6129
    6129
    5844
    6194
    5844
    4867
    6194
    4276
    4929
    6299
    4521
    4929
    6299
    4498
    4521
    6299
    4521
    4273
    4865
    3817
    4865
    3817
    3673
    4865
    6161
    6161
    5955
    6161
    4793
    4793
    4601
    3185
    5882
    5882
    5955
    5955
    1531
    7091
    3636
    7091
    5538
    3636
    8027
    6186
    8027
    5354
    6186
    8027
    7113
    7113
    7113
     818
    7098
     834
     450
    7098
    5604
    4828
    5355
    2156
    2156
    5604
    4828
    5355
    4828
    1828
    1828
    1266
    1987
     619
    1987
    2571
     619
     988
     988
     946
     988
    1130
    2409
    1266
    2409
    2571
    1266
    2571
    2434
    3524
    1018
    2729
    2434
    2729
    4971
    1491
    3010
    3524
    2009
    4971
    4971
    1729
    4577
    1729
    6513
    3811
    4579
    5611
    6505
    6505
    6513
    4969
    4969
    4969
    5610
    4970
    5610
    2553
    4970
    3009
    4459
    4459
    4459
    3266
     779
    3012
    3444
    3444
    3268
    3268
    3012
    3268
     916
    2004
    2004
    1571
    1571
    1732
    1732
    2004
    1881
    4393
    5402
    5475
    4393
    3850
    3850
    2169
    5402
    4185
    4995
    4705
    4995
    2721
    5475
    4995
    5401
    4499
    3745
    4706
    4499
    4313
    5401
    4707
    4707
    4707
    1587
    3329
    3497
    2307
    2307
    3857
    3851
    3857
    3857
    4315
    4315
    4315
    2771
    2771
    2771
    3794
    3004
    3265
    2883
    3004
    1507
    2235
    2235
    3004
    1570
    3265
    1570
    2883
    4377
    4377
    6548
    6548
    5124
    5988
    5227
    6499
    6506
    4427
    6506
    6515
    6515
    6506
    6499
    4746
    4017
    6595
    6595
    4746
    4578
    5228
    5228
    6595
    5225
    4745
    4745
    5225
    5121
    5121
    5121
    4553
    4553
    4425
    4425
    4747
    4747
    2067
    4747
    2921
    2435
    2435
    3521
    3521
    2083
     666
    6545
    5123
    6545
    6539
    6539
    6545
    6811
    4162
    6811
    1721
    4556
    1721
    4914
    4914
    6435
    6435
    2594
     363
    2595
    2443
    2443
    5035
    4161
    4161
    4161
    4875
    5035
    5035
    1723
    5034
    5498
    5034
    4507
    4915
    5074
    5074
    2593
    4244
    4915
    5075
    5033
    4874
    5075
    4673
    4673
    4955
    4955
    5073
    5073
    4954
    5523
    4835
    4835
    4626
    4508
    4835
    5777
    5777
    5995
    5995
    5995
    4049
    5569
    5569
    5569
    1740
    4977
    4977
    5521
    5521
    4041
    4609
    4675
    4625
    4625
    4953
    4977
    4953
    4281
    4979
    5522
    5194
    5570
    5570
    7723
    5780
    7723
    4476
    7723
    4851
    7716
    4611
    5860
    5860
    5625
    7716
    5195
    5195
    5161
    5195
    4978
    4170
    4043
    2579
    5628
    4908
    3579
    3650
    7796
    5924
    7796
    4852
    5628
    5193
    6739
    6739
    6739
    5163
    6764
    6764
    6764
    4353
    4353
    6348
    6297
    6297
    5162
    3577
    4169
    6297
     137
     313
     313
       1
    6347
    6347
    6354
    6354
    3939
    4171
    3828
    6347
    4171
    6354
    2578
    3652
    4012
    4931
    4012
    5210
    5210
    4906
    4868
    4868
    4931
    6346
    6346
    6346
     483
    3826
    1466
    1466
    6355
    6355
    6355
     140
    3826
    3826
    3177
    3842
     331
     315
    6731
    3435
    3435
    2946
    5097
    6731
    7593
    7593
    5483
    5913
    5979
    2778
    7577
    7577
    7577
    5979
    2481
    2481
    5979
    2626
    4483
    1875
    2665
    5171
    5171
    5171
    4402
    5386
    2724
    5386
    4483
    2963
    4483
    4402
    3747
    3330
    3330
     482
    3747
    4314
    4314
    3905
    1467
    3793
    3905
    3905
     540
    3596
    6323
    6323
    2932
    3708
    6323
    5155
    5155
    5155
    5617
    5635
    5635
    5412
    5964
    5412
    5412
    2324
    5964
    4964
    4140
    5113
    4140
    5113
    2988
    7060
    7060
    7060
    5964
    7548
    5043
    7548
    7548
    3875
    5276
    5043
    3516
    5276
    3841
    4138
    3827
    4138
    3642
    3642
    3937
    2985
    4361
    3937
    3937
    3827
    4361
    2658
    3841
    6665
    6665
    2033
    6665
    1402
    4097
    1402
    4139
    5852
    5852
    4441
    4441
    4441
    5409
    5409
    1124
    5313
    7545
    7532
    7545
    4364
    5313
    4139
    2299
    4139
    5313
    2179
    3393
    1697
    3737
    3737
    3393
    1321
    3180
    4362
    4362
    3643
    3907
    3907
    3281
    3907
    3844
    3643
    3844
    3459
    3459
    3395
    5316
    6145
    5484
    3436
    6145
    2035
    2035
    5484
    7596
    7596
    3908
     602
    3434
    1969
    3434
    3796
    1843
    3796
    3796
    3908
    3396
    2113
    1753
    3396
    6571
    3666
    1284
    6577
    6571
    6577
    6577
    3859
    3859
    3386
    3554
    3554
    3498
    2642
    3385
    3500
    3500
    3500
    1970
    1755
     603
    1282
    1282
    1755
    1755
    1585
    1523
    3385
    1970
    3385
    6370
    6370
    2948
    6363
    6363
    7964
    7964
    1793
    1619
    7948
    3388
    3388
    7948
    3553
    7948
    3553
    5180
    1107
    1460
    5180
    5180
    1460
    5100
     745
    6476
    6476
    6369
    6580
    3556
    3556
    6361
    6361
    6580
    2466
    1457
    1457
    7234
     747
    2820
    6227
    5177
    6227
    3313
    3313
    6364
    6364
    7657
    7657
    7020
    7020
    7657
    4825
    7563
     713
    6971
    6884
    6971
    5802
    6884
    5802
    2154
    7563
    2666
    1027
    1027
    2666
    1185
    3668
    3849
    2425
    3849
    3849
    3668
    2474
     187
    2273
    2474
    3860
    3081
    3081
    3081
    6953
    6953
    6953
    3217
    3217
    4417
    4417
    3409
    1945
    3969
    6521
    6521
    3969
    6529
    6529
    4457
    4457
    5609
    5609
    5465
    3442
    3442
    3522
    2923
    2923
    2708
    2708
    3442
    1955
    2001
    2001
    2673
    2105
    2897
    3193
    2897
    4562
    4562
    3995
    5618
    3193
    1515
    2897
    3465
    3465
    5154
    3691
    5618
    1148
     163
    6324
    5153
    5153
      51
    1147
    5153
    6324
    1147
    1644
    3443
    2411
    3443
     715
    2676
    2676
    2676
     987
     987
     876
     876
     882
    1410
    2107
    1482
    2107
    1410
    1482
    1363
    2674
     874
    2674
    1851
    1851
    1994
    1994
    1994
     786
    1715
    1715
    1803
    6322
     490
    1257
    6322
    6322
    3210
    2931
    3210
     538
    2931
    2931
    1380
    5049
    3665
    1564
    1564
    1564
     521
     521
    5049
    5049
    3665
    2644
    3593
    3593
    2644
    2475
    3593
    6417
    1209
    2250
    6417
    4899
    6409
    1610
    4180
    5707
    5707
    4180
    5250
    4899
    6409
    6409
    5722
    5722
    6417
    1386
    5707
    6172
    7300
    7300
    7284
    5220
    2073
    7284
    7284
    2100
    6339
    1011
    3020
    3020
    7300
    6339
    1612
    6339
    7388
    7378
    7378
    7388
    7378
    7281
    5786
    6034
    5786
    3490
    1195
    7281
    1627
    1602
    1907
    1907
    1627
    1627
    1907
    1290
    1452
    1452
    2098
    2130
    1435
    1435
    2130
    1010
    2098
    2098
    1770
    6850
    6866
    6866
    6866
    7338
    7338
    7338
    6850
    5443
    5473
    5546
    5473
    5907
    5170
    5546
    5907
    6249
    6267
    4194
     403
     227
     227
     403
      67
      67
     129
    6267
     697
    6273
    4194
     795
    1889
    1889
    6273
    6273
    6267
    3186
     793
    1891
    1891
    7428
     825
     793
    7428
    3090
    1529
    7428
     898
    1235
    3090
    1529
    1235
    3219
    1002
    2554
     545
    4003
    4003
    3219
    2554
    1394
    2393
    3001
    4458
    3001
    1506
    2233
    3411
    2162
    4458
    3001
    2393
     674
    5937
    5323
    5298
    5291
    5530
    7228
    4563
    5530
    7228
    4563
    5937
    3467
    3706
    3706
    1347
    1347
    1260
    6562
    6562
    6554
    2929
    6403
    6403
     771
    6394
    6394
    6386
    6386
    1745
    6379
    6379
    1345
    1785
    1931
    1931
    6556
     651
     684
    1931
    1633
    1633
    1177
    6556
    6556
    1785
    1649
    1441
    1370
    2634
    2634
    2457
    2457
    2396
     723
    2164
     963
    6250
    6250
     588
    2265
    2265
     964
    6250
     756
    1372
    1220
    1372
     812
    2451
     585
    1291
    2633
    3243
    2633
    2451
    2092
    2266
    1220
     721
    3243
    3243
    2266
    5466
    4419
    4379
    3203
    6516
    6516
    6596
    6596
    5587
    5587
    5587
    5466
    4019
    2569
     945
    1129
    2875
    2875
    4900
    4900
    4900
    5249
    5249
    7116
    7116
    7116
    2882
    2874
    2874
    1001
    6412
    2234
    1442
    6419
    6419
    2163
    6419
    2881
    2881
    2458
    3865
    3865
    3865
    6412
    6970
    5689
    6970
    6897
    6897
    6882
    4449
    6882
    3603
    1850
    7666
    7666
    5202
    1483
    5202
    3291
    1412
    3291
    5689
    5689
    5081
    5058
    3082
    3410
    3931
    3971
    3971
    4515
    4001
    4515
    1292
    2636
    2460
    6420
    2076
    2076
    6420
    2636
    1211
    2636
    5057
    2395
    5057
     755
    4195
    4195
     962
    2395
    4002
    1395
    5057
    5281
    5281
     851
    7892
    3625
    7892
    4985
    3625
    5929
    7892
     683
    5929
    3955
    5490
    3955
    2795
    2194
    5490
    6553
    6563
    6563
    1932
    6563
    5578
    5578
    6955
    6930
    6930
    5578
    6532
    6532
    6955
    4604
    4604
    6930
    4795
    5059
    5059
    1890
     827
    4514
    3929
    3929
    4193
    4514
    4794
    6466
    3124
    7148
    7148
    3124
    3124
    3628
    6466
    1540
    2793
    5489
    5489
    2793
    2793
    5681
    2468
    7148
    7236
    7236
    7236
    5586
    6932
    6531
    6932
    6524
    6524
    4883
    5467
    6210
    6578
    6578
    6457
    6457
    6457
    6388
    3595
    3707
    6467
    6467
    6404
    6467
    6473
    6388
    6570
    6570
    6108
    5756
    5756
     852
    4987
    6564
     441
    6564
    6468
    6401
    6468
    2196
    6393
    2796
    6460
    6460
    6460
    5293
    5327
    5328
    5291
    5295
    5294
    5294
    5296
    7229
    7231
    5301
    5326
    6166
    6165
    6165
    5886
    6167
    6168
    6167
    1535
    1532
    1536
    5959
    3199
    3199
    5304
    3200
    7388
    7389
    7389
    7382
    7383
    7384
    7382
    1198
    7391
    7391
    1200
    7391
    1200
    1199
    5791
    6038
    6040
    5792
    7382
    5789
    5790
    6034
    5792
    6108
    6109
    6111
    6112
    6110
    6111
    5759
    5759
    5757
     855
     855
    5759
     853
    4990
    4992
    6111
    4992
    6037
    5221
    5222
    5534
    5536
    5534
    7232
    5536
    6247
    5535
    6244
    6247
    6248
    5533
    6245
    6247
    4407
    4408
    4408
    5533
    5942
    5942
    5941
    5941
    5175
    5176
    5176
    5390
    5386
    5389
    5174
    5173
    4406
    4408
    4406
    2968
    2968
    5392
    4488
    4488
    4486
    4486
    4407
    4406
    7341
    7342
    7342
    7343
    7344
    7340
    7344
    7342
    7343
    5448
    5447
    6870
    6870
    5174
    6869
    6869
    6870
    6865
    4188
    4192
    5176
    5842
    5844
    5847
    5846
    5848
    5848
    5847
    5848
    6135
    6135
    6136
    6136
    6198
    6198
    6133
    6194
    6131
    7343
    7344
    5846
    4279
    4279
    5847
    5400
    5400
    5398
    5398
    5551
    7342
    5552
    5551
    5477
    5549
    5552
    5552
    5549
    5550
    5550
    5549
    6200
    6200
    4015
    4015
    4011
    6199
    6198
    4016
    4013
    5210
    5214
    4905
    5214
    4910
    5216
    5216
    5216
    4872
    4871
    4871
    4872
    6768
    4909
    6767
    6767
    6768
    4911
    5925
    6764
    5928
    5630
    5631
    5632
    5631
    5632
    5632
    4911
    3653
    3656
    3656
    3654
    3655
    3655
    4912
    4912
    2720
    2720
    4912
    7720
    7720
    7719
    7719
    5860
    7715
    7720
    5782
    5781
    5782
    5783
    5784
    5784
    5864
    5631
    5198
    5198
    5198
    4856
    5197
    4852
    4855
    6000
    5782
    5998
    4055
    4245
    4241
    4245
    4053
    4247
    4247
    4247
    5999
    4248
    5526
    5573
    5573
    5574
    5574
    5783
    5528
    5569
    5502
    5504
    4248
    4920
    5501
    4917
    4918
    4919
    4919
    5077
    5077
    5074
    5078
    5078
    4511
    4511
    4512
    4512
    6816
    6816
    6544
    6816
    6539
    6814
    6814
    6810
    6545
    6551
    6552
    6547
    6550
    6551
    6551
    6550
    2360
    2357
    2358
    2357
    2359
    2359
    2598
    4920
    2598
    2597
    2597
    6552
    6548
    5991
    5992
    4382
    4382
    4381
    5990
    5991
    5989
    5127
    5128
    6549
    5127
    5248
    5248
    5590
    5590
    5589
    5592
    5592
    5591
    5248
    5247
    5247
    4384
    3205
    3208
    3208
    4382
    3207
    5245
    3207
    4381
    4024
    4022
    4022
    4383
    6214
    6215
    6936
    6216
    6935
    6935
    6936
    6936
    4886
    5590
    5589
    4888
    4888
    4887
    5586
    4886
    5592
    5472
    5472
    5470
    5584
    6936
    5582
    6934
    6930
    6934
    5582
    3840
    4605
    4604
    5582
    4607
    4606
    3838
    3837
    3839
    3839
    3838
    4608
    4607
    6532
    6934
    6933
    6535
    6935
    6536
    5888
    4601
    3575
    3574
    3576
    3576
    3573
    3571
    4606
    4797
    4800
    4800
    4798
    4799
    4800
    4799
    1775
    1776
    1776
    1776
    2130
    1773
    2134
    1910
    1912
    1911
    1909
    1197
    2134
    1912
    2135
    2136
    1632
    1909
    2136
    1631
    2136
    1631
    1638
    1183
    1184
    1791
    1791
    1791
    1789
    1785
    1637
    1183
    1789
    1182
     944
     944
     943
    1931
    1933
    1936
    1935
    1936
    1934
    1935
    1200
    1014
    1014
    1016
    1015
    1016
    1016
    6557
    6557
    6559
     687
     687
    6559
    6559
    1935
    1936
    7889
    7895
     856
    7895
    7895
     854
    7893
    7893
    4991
    4990
    4992
    4989
    4991
    1645
    3215
    3210
    3216
    3216
    3216
    3214
     776
    3214
     776
     774
     773
     775
    2455
    2456
    2455
    2455
    3248
    3243
    3248
    3247
    3246
    2456
    2271
    2271
    2272
    2272
    3248
    2270
    1184
    1183
    2933
    2934
    2931
    2935
    2934
    2936
    2935
    1263
    1263
    1261
    1257
    1296
    1296
    1294
    1294
     816
     816
    1774
     815
    1347
    1350
    6560
    6560
    6559
    6558
    1352
    1647
      56
    1647
    1647
      48
      48
    1146
    1150
    1152
    1150
    1152
    1152
     407
     408
     408
      70
      70
      72
      71
      64
      64
      63
     800
     800
     800
     798
     798
      24
      24
      19
    6326
    6327
    6327
    6324
    6325
    1648
    1648
    6328
    6328
    6328
     168
     168
     166
     405
    2265
    2271
     407
    6254
    6250
    6254
    6253
    6254
    6253
     760
     759
     759
     760
     757
     760
     758
     591
     591
     588
     589
     725
     727
     727
    2270
    1151
    1151
    1518
    1520
    1518
    1520
    1150
    1515
    3696
    3696
    3696
    3695
    3197
    3198
    2863
    2863
    3696
    2861
    2863
    3200
    3198
    3093
    3090
    3094
    7429
    7429
    7431
    7429
    7431
    7425
    1535
    5157
    5158
    5158
    5157
    5158
    1894
    1889
    1893
     702
     799
     800
     701
     701
    1895
    1895
    1896
    1896
    1536
    1534
    3190
    3190
    3186
    3189
    1240
    1239
    1240
    1240
    3471
    3471
    4566
    4566
    4562
    4566
    4568
    4568
    3470
    3469
    4568
    5282
    5934
    5286
    5933
    5929
    5285
    5496
    5492
    5935
    5495
    5496
    5495
    5686
    7239
    5688
    7239
    7237
    7237
    7239
    5685
    5685
    7173
    7172
    7175
    5685
    7175
    7175
    3631
    3629
    2800
    2800
    2797
    2798
    2799
    2799
    3631
    5494
    7234
    7238
    6231
    2820
    7238
    2823
    5182
    6230
    5178
    5182
    2470
     751
    2472
    2468
    2472
    2471
    2466
    2472
    2470
    7239
    2471
    7240
    7240
    6735
    6736
    6736
    6734
    6734
    5919
    5487
    5487
    5488
    6734
    6733
    6735
    6733
    5913
    5917
    5102
    5103
    5103
    5918
    5101
    5104
    5182
    7968
    5184
    5184
    5183
    5183
    7965
    7966
    7965
    7967
    7968
    7966
    7968
    5101
    1794
    1622
    1624
    1624
    2951
    2951
    2952
    2952
    2949
    2950
    2950
    1798
    1798
    1798
    1463
    1463
    1461
    6367
    6368
    6364
    6368
    5183
    5319
    5320
    6149
    6151
    5316
    6150
    5487
    7593
    7597
    3439
    7599
    7599
    7597
    7599
    3440
    5410
    5852
    5855
    5853
    5414
    5856
    4447
    5317
    5313
    5317
    4445
    5319
    5318
    2038
    2038
     984
    2035
    2037
    5317
    2037
    2039
    2040
    2040
    5967
    7064
    5967
    5277
    5968
    7060
    7063
    7064
    7064
    7063
    5280
    5965
    5964
    5279
    5279
    5280
    5031
    5032
    5416
    5413
    5412
    5415
    5415
    5415
    5416
    5967
    5029
    5415
    7551
    4144
    7551
    2296
    2296
    2295
    7545
    7548
    4143
    7549
    7549
    7549
    5661
    5662
    5837
    5838
    5840
    5839
    5840
    5840
    4376
    5839
    4375
    5840
    5280
    5279
    3925
    3927
    3927
    3520
    3924
    3519
    3520
    5383
    6056
    6054
    5384
    6050
    6053
    5664
    5664
    5664
    4392
    4392
    5664
    4391
    4390
    3951
    3952
    3176
    3176
    4386
    4388
    4389
    4389
    3949
    7681
    5599
    5598
    5600
    5600
    5831
    5831
    7685
    7687
    7687
    5597
    7685
    7685
    5384
    5831
    5377
    5381
    5830
    5829
    4647
    5382
    5382
    5383
    4079
    3989
    3990
    5381
    3781
    3986
    3782
    4079
    4077
    4079
    4077
    4080
    4080
    4078
    4076
    5088
    5088
    5087
    5733
    5734
    5733
    5736
    5735
    5600
    5733
    3567
    4150
    4150
    2384
    3565
    4149
    4149
    3561
    2382
    2380
    2381
    5599
    2383
    6888
    6888
    5693
    5694
    6886
    6886
    5207
    5207
    5208
    5208
    5205
    5206
    5206
    5693
    5087
    5088
    4453
    5081
    4453
    4455
    5696
    5085
    5695
    5085
    3608
    3606
    3608
    4111
    4109
    4112
    4112
    4111
    4111
    4110
    6888
    6887
    5806
    6887
    7024
    7019
    7020
    4830
    7023
    7023
    7024
    4826
    1488
    6974
    6974
    6974
    6971
    6970
    6976
    6976
    6976
    5608
    4831
    5607
    5604
    5607
    5606
    5607
    4832
    5605
    5360
    5607
    5360
    5359
    4831
     719
     719
    2157
    2154
    2157
    2158
    2159
    2160
    2158
    2159
    5538
    5544
    6186
    5359
    5358
    5542
    5542
    5357
    6189
    8032
    8032
    8032
    8031
    8031
    7102
    7104
    7104
    7104
    1831
    1831
    1832
    5358
    1832
    1829
    1830
    1830
     455
     456
     456
     454
     454
    5727
    5728
    5726
    5727
    1614
    5728
    5711
    5712
    5712
    5709
    5711
    5725
    5725
    5726
    5722
    5254
    5712
    5256
    7117
    7119
    7117
    2570
    7119
    7119
    7103
    7101
    7113
    7103
    2574
    2574
    5256
    7103
    5253
    5255
    5255
    4904
    4904
    4900
    4903
    3872
    3872
    3872
    5253
    1615
    6172
    6176
    6175
    7304
    7304
    7303
    6173
    7299
    5223
    7304
    1390
    1390
    2080
    2079
    1392
    2080
    2077
    2073
    2078
    2078
    1613
    1615
    7287
    7285
    7287
    7287
    5224
    5224
    7285
    7284
    4332
    4335
    4392
    4335
    4333
    2960
    2960
    3381
    4330
    4334
    4334
    3383
    3383
    4336
    4334
    4335
    4336
    4336
    3928
    3928
    2988
    3926
    3928
    3367
    3367
    3149
    3367
    3365
    3365
    3152
    4390
    2959
    2957
    2957
    2954
    2855
    2958
    2960
    2958
    1824
    1687
    1823
    1823
    1821
    1822
    2958
    1824
    1824
    1685
    2578
    2577
     647
     646
    1824
    1822
     648
    2581
    2582
    2582
     645
     645
    3944
    3944
    3943
    3940
    3939
    2661
    2990
    3941
    3937
    2992
    2991
    2664
    3943
    3941
    3832
    3831
    3832
    3942
    3944
    3942
    4142
    4142
    4141
    4144
    4143
    4141
    4138
    2325
    2854
    3303
    2853
    3297
    3303
    2855
    3301
    3301
     598
     599
     598
    2854
     600
     867
     866
     600
     872
     872
     870
    3992
    3992
    3366
    3990
    3030
    3367
    3368
    3304
    3304
    3299
    3368
     581
     580
    3304
     583
     581
     583
     558
     556
     560
     560
     559
    3302
    4046
    4045
    4045
    4046
    4045
    4046
    4678
    4678
    4680
    4680
    4680
    1743
    1743
    1742
    1743
    1744
    4046
    4048
    4047
    4048
    4981
    4981
    4982
    4982
    4048
    2582
    2584
    2584
    4174
    4176
    4176
    4174
    4262
    4262
    3992
    4264
    4264
    3989
     560
    2693
    2694
    3792
    3790
    3792
    3789
    3792
    3791
    3790
    3785
    3790
    3789
     390
    4151
    4264
    4260
    4263
    4263
    4263
    3159
    4261
    4261
    3160
    4262
    2696
    3155
    2693
    3159
    2889
    2895
    2895
    2893
    2895
    4677
    4678
    3789
    4677
    4877
    4878
    4878
    4878
    4958
    4680
    4953
    4957
    4958
    4959
    4960
    4960
    4960
    2920
    2919
    4152
    4152
    4152
    3375
    3376
    3375
    4150
    3376
    2896
    2896
    2895
    2891
    1080
    2510
    2509
    2508
    2509
    2510
    2511
    2511
     366
    2894
    2894
     706
    2896
     712
     367
     712
     712
    2894
     368
     368
    3261
    3607
    3373
    3263
    3374
    3607
    3375
    3604
    3605
    3606
    3607
    3608
    2511
    3373
    2081
    1096
    1096
    2087
    2085
    2085
    2085
    2087
    4879
    4880
     368
    4880
    4879
     294
     366
    2448
     296
     296
     295
     293
    2446
    2446
    2442
    2448
    5037
    5038
    5037
    5040
    5040
    5038
    5039
    1854
    1854
    1853
    1856
    3607
    1855
    2927
    2927
    2925
    2925
    2921
    2088
    2927
    2072
    2086
    2088
    2071
    2072
    2086
    2086
    2070
    2069
    2069
    2070
    1959
    2111
    1959
    2927
    2109
    2928
    2109
    2109
    2111
    2111
    2928
    2926
    3525
    3526
    3521
    3522
    2112
    2111
    1855
    1856
    1367
    1368
    2678
    2678
    2112
    2110
    2677
    2673
    1997
    2000
    1999
    1488
    1415
    1413
    1486
    1416
    1486
    1416
    1414
    1854
    2445
    2070
    2446
    2445
    4752
    4749
    4749
    4752
    4752
    4751
    4750
    4166
    4167
    2447
    4165
    4166
    4168
    4168
    4168
    5265
    5271
    4485
    5270
    5270
    5272
    5271
    5272
    5942
    5944
    5944
    5944
    5638
    5637
    5637
    5637
    5638
    4718
    5638
    5633
    4720
    4719
    4720
    5623
    5624
    5639
    5640
    5640
    5640
    5637
    5621
    5638
    5624
    5054
    5054
    5056
    5640
    2671
    2670
    4488
    2672
    2672
    2669
    2670
    4485
    4487
    2629
    2629
    2630
    2478
    2478
    1032
    1030
    2478
    1031
    2666
    1029
    2477
    2672
    2477
    2670
    2477
    2430
    2429
    2669
    2430
    5053
    5056
    5054
    5055
    5053
    2480
    5053
    5053
    2616
    3599
    3599
    2613
    3599
    2613
    2615
    3593
    2615
    3597
    2614
    3671
    3671
    3669
    3669
    3668
     525
     526
     522
    4567
    4568
    5943
    5944
    4565
    4565
    5941
    4000
    4000
    3997
    5618
    3999
    3999
    3998
    5622
    5624
    5621
    5160
    4501
    4501
    4501
    4280
    4278
    3820
    3821
    4502
    4502
    4273
    4277
    4277
    4869
    4525
    4871
    4872
    4870
    4527
    4527
    4865
    4525
    4504
    4504
    4502
    3749
    3750
    5406
    5407
    5406
    5405
    5408
    5408
    5408
    5401
    4709
    4709
    4710
    5402
    4706
    5406
    5408
    4997
    5480
    5480
    5480
    4999
    5000
    5000
    4998
    4998
    4399
    4400
    4399
    4397
    4398
    4400
    5480
    5479
    5479
    4400
    4189
    4935
    4935
    4934
    4933
    4936
    4931
    4936
    4936
    4360
    4358
    4360
    4318
    4317
    4317
    4318
    3752
    3752
    3750
    3751
    1472
    1469
    1471
    3752
    1470
    1472
    6302
    6304
    6302
    6303
    6303
     317
    6302
    4358
    6301
    6299
    4357
    6304
    6304
    4357
    4357
    4360
    4359
     320
    1470
     319
    6352
    6350
    6350
    6349
    6352
    6352
    6351
     318
     318
     320
     143
     143
     141
    3743
    3743
    3743
    3740
    3741
    3742
    3744
    3744
    3744
     486
    1896
    1894
    3192
    3192
     831
    3192
     832
     832
     832
     829
     830
    4798
    4797
    3192
    4517
    4517
    4518
    4800
    4518
     837
     838
     838
    2576
     837
     837
    2576
     349
     349
     351
     455
     950
    1134
    1134
     950
    1130
    2576
    1133
    1134
    2575
    2575
    2573
     715
     720
     350
     351
     719
    2416
    2416
    2415
    2415
    2414
     991
     991
     987
    2409
    2411
     992
     415
     415
     416
     416
     416
     718
     718
    1576
    1574
    3271
    1576
    1574
    3269
    3269
    3269
    3265
    3271
    3271
     621
     623
     624
     624
    2413
     784
    2412
    2415
     779
     952
     952
     950
    3448
    3448
    3447
    3448
    2888
    2882
    2888
    2886
     952
    4974
    4976
    4976
    4974
    2734
    3014
    3009
    2733
    2733
    3013
    3014
    5614
    5610
    4974
    5616
    5616
    5616
    4973
    4582
    4584
    4584
    4975
    4975
    4976
    4581
    6509
    6510
    6510
    6506
    6505
    6520
    6520
    6519
    6519
    6518
    6517
    6513
    2437
    2438
    2013
    2433
    4581
    2016
    2016
    2014
    2015
    2438
    2014
    3014
    3013
    1735
    3015
     919
     917
    3016
    3016
    1733
    1733
    3015
     916
    3015
    3270
    3272
    3272
    3272
    1734
    3528
    3528
    3528
    3527
    3526
    3445
    3446
    2007
    3446
    2007
    3442
    3448
    3447
    2005
    2005
    2438
    3527
    2440
    1021
    1021
    1022
    2439
    2440
    4752
    4746
    5609
    4463
    5614
    5613
    5613
    4464
    4464
    4462
    4461
    5613
    5615
    5616
    4422
    3814
    3814
    3813
    3816
    3815
    4421
    4418
    4422
    4424
    4424
    6519
    6516
    4021
    4022
    4024
    6520
    6599
    6599
    6600
    6600
    6595
    5469
    5470
    5469
    4423
    3270
    3007
    3007
    3004
    3008
    3005
    3008
    2239
    2239
    2240
    2240
    1512
    3007
    3001
    1510
    1510
    2237
    2237
    2557
    4458
    4464
    2558
    2557
    3006
    4461
    3223
    3223
    3221
    3224
    3224
    3224
    3414
    3415
    3415
    3413
    3416
    3416
    3222
    2679
    2679
    3854
    3856
    4712
    3856
    4710
    4712
    4711
    4712
    4320
    4319
    4320
    4712
    2277
    2274
    3861
    3857
    3861
    2278
    3863
    3856
    3855
    3853
    3863
    3853
    1190
    1191
    1189
    1191
    1192
    2432
    2432
    3853
    2431
    2432
    2432
    4190
    4190
    4192
    2727
    2725
    2725
    3333
    4320
    3797
    3798
    3798
    3334
    3794
    3905
    3799
    3911
    3911
    3909
    3797
    3909
    3800
    3799
    3800
    2118
    2118
    2117
    1973
    1976
    1974
    1975
    1975
    1976
    3798
     608
    1760
    1753
     606
    1759
    1758
    1758
    1760
    1759
    1974
    1973
    3503
    3500
    3503
    3503
    3501
    1591
    3501
    3504
    3503
    1285
    3498
    3504
    3504
    3502
    3389
    3390
    1287
    3864
    3862
    3863
    3864
    3670
    3672
    3864
    3672
    2240
    2887
    2886
    2887
    2888
    2885
    2168
    2162
    2166
    2166
    2166
    2237
    1006
    3865
    3871
    2880
    2880
    2878
    3872
    3869
    3870
    3869
    5229
    5230
    5230
    5229
    5232
    5232
    5231
    5231
    5231
    4431
    4432
    5228
    5229
    4749
    4432
    4429
    4432
    4425
    5232
    4559
    4559
    4557
    4559
    4557
    5126
    5128
    2600
    4165
    2600
    1725
    1728
    1728
    1728
    1726
    1727
    2599
    2600
    5038
    5040
    5080
    5080
    5080
    4958
    5079
    5080
    4630
    4630
    4629
    5525
    5526
    5525
    5528
    5527
    5527
    4983
    5525
    4984
    4984
    4614
    4615
    4616
    4616
    4615
    4613
    5198
    5200
    5200
    5166
    5166
    5165
    5197
    5200
    5199
    5167
    5168
    5162
    5168
    3581
    3581
    3584
    3583
    3583
    3582
    3584
    4173
    4173
    5165
    6352
    4176
    4175
